{
 "cells": [
  {
   "cell_type": "markdown",
   "metadata": {},
   "source": [
    "# Statistical Factors - PCA Model"
   ]
  },
  {
   "cell_type": "markdown",
   "metadata": {},
   "source": [
    "### Data sourced from Practical Econometrics by Carol Alexander"
   ]
  },
  {
   "cell_type": "code",
   "execution_count": 21,
   "metadata": {
    "collapsed": true
   },
   "outputs": [],
   "source": [
    "from matplotlib import pyplot as plt\n",
    "import numpy as np\n",
    "import math\n",
    "import pandas as pd"
   ]
  },
  {
   "cell_type": "markdown",
   "metadata": {},
   "source": [
    "## Import datasets"
   ]
  },
  {
   "cell_type": "code",
   "execution_count": 2,
   "metadata": {},
   "outputs": [
    {
     "data": {
      "text/html": [
       "<div>\n",
       "<style>\n",
       "    .dataframe thead tr:only-child th {\n",
       "        text-align: right;\n",
       "    }\n",
       "\n",
       "    .dataframe thead th {\n",
       "        text-align: left;\n",
       "    }\n",
       "\n",
       "    .dataframe tbody tr th {\n",
       "        vertical-align: top;\n",
       "    }\n",
       "</style>\n",
       "<table border=\"1\" class=\"dataframe\">\n",
       "  <thead>\n",
       "    <tr style=\"text-align: right;\">\n",
       "      <th></th>\n",
       "      <th>Date</th>\n",
       "      <th>AA</th>\n",
       "      <th>AIG</th>\n",
       "      <th>ATT</th>\n",
       "      <th>AXP</th>\n",
       "      <th>BA</th>\n",
       "      <th>CAT</th>\n",
       "      <th>CITI</th>\n",
       "      <th>DD</th>\n",
       "      <th>DIS</th>\n",
       "      <th>...</th>\n",
       "      <th>MMM</th>\n",
       "      <th>MO</th>\n",
       "      <th>MRK</th>\n",
       "      <th>MSFT</th>\n",
       "      <th>PFE</th>\n",
       "      <th>PG</th>\n",
       "      <th>UTX</th>\n",
       "      <th>VZ</th>\n",
       "      <th>WM</th>\n",
       "      <th>XON</th>\n",
       "    </tr>\n",
       "  </thead>\n",
       "  <tbody>\n",
       "    <tr>\n",
       "      <th>0</th>\n",
       "      <td>2005-01-03 00:00:00</td>\n",
       "      <td>-0.013494</td>\n",
       "      <td>0.005363</td>\n",
       "      <td>-0.007165</td>\n",
       "      <td>-0.008253</td>\n",
       "      <td>-0.015698</td>\n",
       "      <td>-0.025356</td>\n",
       "      <td>0.001959</td>\n",
       "      <td>0.001486</td>\n",
       "      <td>0.001816</td>\n",
       "      <td>...</td>\n",
       "      <td>0.004002</td>\n",
       "      <td>-0.007632</td>\n",
       "      <td>-0.027831</td>\n",
       "      <td>0.000760</td>\n",
       "      <td>-0.016387</td>\n",
       "      <td>0.002056</td>\n",
       "      <td>-0.003562</td>\n",
       "      <td>-0.000530</td>\n",
       "      <td>0.010108</td>\n",
       "      <td>-0.023073</td>\n",
       "    </tr>\n",
       "    <tr>\n",
       "      <th>1</th>\n",
       "      <td>2005-01-04 00:00:00</td>\n",
       "      <td>-0.018055</td>\n",
       "      <td>0.003356</td>\n",
       "      <td>-0.010632</td>\n",
       "      <td>-0.015028</td>\n",
       "      <td>-0.019618</td>\n",
       "      <td>-0.011067</td>\n",
       "      <td>-0.008518</td>\n",
       "      <td>-0.021880</td>\n",
       "      <td>-0.010945</td>\n",
       "      <td>...</td>\n",
       "      <td>-0.008145</td>\n",
       "      <td>0.006941</td>\n",
       "      <td>-0.004089</td>\n",
       "      <td>0.003791</td>\n",
       "      <td>0.000000</td>\n",
       "      <td>-0.012591</td>\n",
       "      <td>-0.011565</td>\n",
       "      <td>-0.010117</td>\n",
       "      <td>-0.002470</td>\n",
       "      <td>-0.006780</td>\n",
       "    </tr>\n",
       "    <tr>\n",
       "      <th>2</th>\n",
       "      <td>2005-01-05 00:00:00</td>\n",
       "      <td>-0.006091</td>\n",
       "      <td>0.016464</td>\n",
       "      <td>0.005117</td>\n",
       "      <td>-0.009296</td>\n",
       "      <td>0.016610</td>\n",
       "      <td>-0.019388</td>\n",
       "      <td>0.012425</td>\n",
       "      <td>-0.013537</td>\n",
       "      <td>-0.005518</td>\n",
       "      <td>...</td>\n",
       "      <td>-0.012407</td>\n",
       "      <td>-0.001904</td>\n",
       "      <td>0.006805</td>\n",
       "      <td>-0.002273</td>\n",
       "      <td>-0.006710</td>\n",
       "      <td>0.010347</td>\n",
       "      <td>-0.007448</td>\n",
       "      <td>-0.001607</td>\n",
       "      <td>0.001331</td>\n",
       "      <td>-0.005167</td>\n",
       "    </tr>\n",
       "    <tr>\n",
       "      <th>3</th>\n",
       "      <td>2005-01-06 00:00:00</td>\n",
       "      <td>0.004403</td>\n",
       "      <td>0.001647</td>\n",
       "      <td>0.001275</td>\n",
       "      <td>-0.005107</td>\n",
       "      <td>-0.006651</td>\n",
       "      <td>0.014795</td>\n",
       "      <td>0.009701</td>\n",
       "      <td>0.000000</td>\n",
       "      <td>0.001474</td>\n",
       "      <td>...</td>\n",
       "      <td>0.009004</td>\n",
       "      <td>-0.007129</td>\n",
       "      <td>0.007096</td>\n",
       "      <td>-0.001138</td>\n",
       "      <td>0.000792</td>\n",
       "      <td>0.005041</td>\n",
       "      <td>0.000606</td>\n",
       "      <td>-0.002146</td>\n",
       "      <td>0.014147</td>\n",
       "      <td>0.012561</td>\n",
       "    </tr>\n",
       "    <tr>\n",
       "      <th>4</th>\n",
       "      <td>2005-01-07 00:00:00</td>\n",
       "      <td>0.010088</td>\n",
       "      <td>0.001793</td>\n",
       "      <td>-0.002978</td>\n",
       "      <td>-0.007495</td>\n",
       "      <td>-0.003241</td>\n",
       "      <td>-0.002194</td>\n",
       "      <td>-0.005810</td>\n",
       "      <td>-0.000880</td>\n",
       "      <td>-0.009995</td>\n",
       "      <td>...</td>\n",
       "      <td>0.010299</td>\n",
       "      <td>0.014723</td>\n",
       "      <td>-0.013901</td>\n",
       "      <td>-0.003042</td>\n",
       "      <td>0.000396</td>\n",
       "      <td>0.010374</td>\n",
       "      <td>-0.010760</td>\n",
       "      <td>-0.003498</td>\n",
       "      <td>-0.001124</td>\n",
       "      <td>-0.006570</td>\n",
       "    </tr>\n",
       "  </tbody>\n",
       "</table>\n",
       "<p>5 rows × 31 columns</p>\n",
       "</div>"
      ],
      "text/plain": [
       "                  Date        AA       AIG       ATT       AXP        BA  \\\n",
       "0  2005-01-03 00:00:00 -0.013494  0.005363 -0.007165 -0.008253 -0.015698   \n",
       "1  2005-01-04 00:00:00 -0.018055  0.003356 -0.010632 -0.015028 -0.019618   \n",
       "2  2005-01-05 00:00:00 -0.006091  0.016464  0.005117 -0.009296  0.016610   \n",
       "3  2005-01-06 00:00:00  0.004403  0.001647  0.001275 -0.005107 -0.006651   \n",
       "4  2005-01-07 00:00:00  0.010088  0.001793 -0.002978 -0.007495 -0.003241   \n",
       "\n",
       "        CAT      CITI        DD       DIS    ...          MMM        MO  \\\n",
       "0 -0.025356  0.001959  0.001486  0.001816    ...     0.004002 -0.007632   \n",
       "1 -0.011067 -0.008518 -0.021880 -0.010945    ...    -0.008145  0.006941   \n",
       "2 -0.019388  0.012425 -0.013537 -0.005518    ...    -0.012407 -0.001904   \n",
       "3  0.014795  0.009701  0.000000  0.001474    ...     0.009004 -0.007129   \n",
       "4 -0.002194 -0.005810 -0.000880 -0.009995    ...     0.010299  0.014723   \n",
       "\n",
       "        MRK      MSFT       PFE        PG       UTX        VZ        WM  \\\n",
       "0 -0.027831  0.000760 -0.016387  0.002056 -0.003562 -0.000530  0.010108   \n",
       "1 -0.004089  0.003791  0.000000 -0.012591 -0.011565 -0.010117 -0.002470   \n",
       "2  0.006805 -0.002273 -0.006710  0.010347 -0.007448 -0.001607  0.001331   \n",
       "3  0.007096 -0.001138  0.000792  0.005041  0.000606 -0.002146  0.014147   \n",
       "4 -0.013901 -0.003042  0.000396  0.010374 -0.010760 -0.003498 -0.001124   \n",
       "\n",
       "        XON  \n",
       "0 -0.023073  \n",
       "1 -0.006780  \n",
       "2 -0.005167  \n",
       "3  0.012561  \n",
       "4 -0.006570  \n",
       "\n",
       "[5 rows x 31 columns]"
      ]
     },
     "execution_count": 2,
     "metadata": {},
     "output_type": "execute_result"
    }
   ],
   "source": [
    "df = pd.read_excel(open(\"Case Study_II.2_PCA Equity Factor Model..xls\",'rb'),sheetname = 'DJIA Returns')\n",
    "\n",
    "#drop missing data\n",
    "df.dropna(how=\"all\", inplace=True)\n",
    "\n",
    "df.head()"
   ]
  },
  {
   "cell_type": "code",
   "execution_count": 3,
   "metadata": {},
   "outputs": [
    {
     "data": {
      "text/plain": [
       "Index(['Date', 'AA', 'AIG', 'ATT', 'AXP', 'BA', 'CAT', 'CITI', 'DD', 'DIS',\n",
       "       'GE', 'GM', 'HD', 'HON', 'HP', 'IBM', 'INT', 'JNJ', 'JPM', 'KO', 'MCD',\n",
       "       'MMM', 'MO', 'MRK', 'MSFT', 'PFE', 'PG', 'UTX', 'VZ', 'WM', 'XON'],\n",
       "      dtype='object')"
      ]
     },
     "execution_count": 3,
     "metadata": {},
     "output_type": "execute_result"
    }
   ],
   "source": [
    "df.columns"
   ]
  },
  {
   "cell_type": "markdown",
   "metadata": {},
   "source": [
    "### Get the cleaned return data matrix"
   ]
  },
  {
   "cell_type": "markdown",
   "metadata": {},
   "source": [
    "X is the matrix which stored all the returns information."
   ]
  },
  {
   "cell_type": "code",
   "execution_count": null,
   "metadata": {
    "collapsed": true,
    "scrolled": true
   },
   "outputs": [],
   "source": [
    "X = df.ix[0:327,1:].values\n",
    "\n",
    "# print the input matrix size\n",
    "print(len(X))\n",
    "print(len(X[0]))\n",
    "print(X[0])\n",
    "print(X[-1])"
   ]
  },
  {
   "cell_type": "markdown",
   "metadata": {},
   "source": [
    "## Implement PCA to find top 5 components"
   ]
  },
  {
   "cell_type": "markdown",
   "metadata": {},
   "source": [
    "Standardizing: Whether to standardize the data prior to a PCA on the covariance matrix depends on the measurement scales of the original features. Since PCA yields a feature subspace that maximizes the variance along the axes, it makes sense to standardize the data, especially, if it was measured on different scales. Although, all features in the Iris dataset were measured in centimeters, let us continue with the transformation of the data onto unit scale (mean=0 and variance=1), which is a requirement for the optimal performance of many machine learning algorithms."
   ]
  },
  {
   "cell_type": "code",
   "execution_count": 5,
   "metadata": {
    "collapsed": true
   },
   "outputs": [],
   "source": [
    "from sklearn.preprocessing import StandardScaler\n",
    "X_std = StandardScaler().fit_transform(X)"
   ]
  },
  {
   "cell_type": "markdown",
   "metadata": {},
   "source": [
    "Compute the returns covariance matrix. Then do eigendecomposition of it to get corresponding eigenvalues and eigenvectors."
   ]
  },
  {
   "cell_type": "code",
   "execution_count": 6,
   "metadata": {},
   "outputs": [
    {
     "name": "stdout",
     "output_type": "stream",
     "text": [
      "Covariance matrix \n",
      "[[  1.00305810e+00   1.64911071e-01   2.60196082e-01   3.06337869e-01\n",
      "    2.09892799e-01   3.87292894e-01   2.73509857e-01   4.07366269e-01\n",
      "    1.75362573e-01   3.32095745e-01   1.41556511e-01   3.04218614e-01\n",
      "    3.13844875e-01   5.31142389e-02   2.67594310e-01   2.12860616e-01\n",
      "    9.61333779e-02   3.71881636e-01   3.03979337e-01   2.43705077e-01\n",
      "    3.16501381e-01   2.05808446e-01   1.67098799e-01   2.83997523e-01\n",
      "    2.04161235e-01   2.37720624e-01   3.37134637e-01   1.96352096e-01\n",
      "    2.07289474e-01   4.04624952e-01]\n",
      " [  1.64911071e-01   1.00305810e+00   2.69201473e-01   3.84842267e-01\n",
      "    2.00661905e-01   2.32799085e-01   3.85251943e-01   2.48709036e-01\n",
      "    2.08589568e-01   3.49177889e-01   7.49687334e-02   3.53836319e-01\n",
      "    2.52717145e-01   2.56770598e-01   2.51588004e-01   2.78234354e-01\n",
      "    2.87848965e-01   4.19193684e-01   2.88894558e-01   2.29603447e-01\n",
      "    2.32890069e-01   2.64005615e-01   1.50772057e-01   2.82909398e-01\n",
      "    1.45053076e-01   3.12664048e-01   2.74886211e-01   3.02328076e-01\n",
      "    3.26498895e-01   1.94367628e-01]\n",
      " [  2.60196082e-01   2.69201473e-01   1.00305810e+00   3.54437491e-01\n",
      "    2.17208810e-01   3.16010091e-01   3.24083382e-01   2.78882959e-01\n",
      "    2.31589329e-01   3.01209431e-01   1.81970934e-01   3.58824236e-01\n",
      "    2.90320540e-01   2.50689544e-01   3.23091527e-01   2.83948884e-01\n",
      "    2.35895412e-01   4.36733761e-01   3.94731715e-01   2.44568390e-01\n",
      "    1.54837662e-01   2.70916545e-01   2.06131527e-01   3.21454883e-01\n",
      "    1.77969040e-01   3.43475652e-01   2.36376650e-01   6.01037678e-01\n",
      "    2.45165786e-01   2.44747108e-01]\n",
      " [  3.06337869e-01   3.84842267e-01   3.54437491e-01   1.00305810e+00\n",
      "    2.74669904e-01   3.81716692e-01   5.35416124e-01   3.37008731e-01\n",
      "    3.12013565e-01   4.56856950e-01   2.30942793e-01   4.10318626e-01\n",
      "    3.62469582e-01   2.18821795e-01   3.15304390e-01   2.86435874e-01\n",
      "    2.84150659e-01   5.42399248e-01   3.87095238e-01   3.40830759e-01\n",
      "    3.00093360e-01   3.59651704e-01   1.56344959e-01   3.48893276e-01\n",
      "    1.83381161e-01   2.96756110e-01   3.83314577e-01   3.50041364e-01\n",
      "    3.12925088e-01   3.16774014e-01]\n",
      " [  2.09892799e-01   2.00661905e-01   2.17208810e-01   2.74669904e-01\n",
      "    1.00305810e+00   2.41596760e-01   2.58541255e-01   2.43568894e-01\n",
      "    2.40312816e-01   3.86428791e-01   5.52825464e-02   3.18742585e-01\n",
      "    3.90521090e-01   1.27240364e-01   2.38281246e-01   2.33290887e-01\n",
      "    2.14052974e-01   2.31414366e-01   2.81237542e-01   2.53750772e-01\n",
      "    1.96744091e-01   2.81803113e-01   1.43047508e-01   2.54310783e-01\n",
      "    1.63290410e-01   2.57375503e-01   3.02825947e-01   2.23238998e-01\n",
      "    2.48398302e-01   2.51814820e-01]\n",
      " [  3.87292894e-01   2.32799085e-01   3.16010091e-01   3.81716692e-01\n",
      "    2.41596760e-01   1.00305810e+00   2.88055262e-01   3.51663605e-01\n",
      "    2.25656942e-01   3.85691832e-01   1.56505083e-01   3.88832600e-01\n",
      "    3.66255738e-01   1.20648659e-01   2.39536581e-01   3.57667787e-01\n",
      "    2.44500677e-01   3.86766021e-01   3.12244439e-01   2.19848501e-01\n",
      "    3.23860142e-01   2.61541111e-01   8.87337212e-02   3.14304716e-01\n",
      "    1.85026209e-01   2.70548355e-01   4.53121129e-01   2.61356485e-01\n",
      "    2.66885516e-01   3.62548784e-01]\n",
      " [  2.73509857e-01   3.85251943e-01   3.24083382e-01   5.35416124e-01\n",
      "    2.58541255e-01   2.88055262e-01   1.00305810e+00   3.09869911e-01\n",
      "    3.27705756e-01   5.33820342e-01   1.24361865e-01   4.07193923e-01\n",
      "    3.14139389e-01   1.11546188e-01   2.53013159e-01   3.14094121e-01\n",
      "    2.86965325e-01   6.61943270e-01   4.08559417e-01   2.37038977e-01\n",
      "    3.06949698e-01   3.12617061e-01   1.77412741e-01   3.54701765e-01\n",
      "    2.50657157e-01   3.39279617e-01   3.51886920e-01   4.00316828e-01\n",
      "    3.29183967e-01   2.29590589e-01]\n",
      " [  4.07366269e-01   2.48709036e-01   2.78882959e-01   3.37008731e-01\n",
      "    2.43568894e-01   3.51663605e-01   3.09869911e-01   1.00305810e+00\n",
      "    2.49499189e-01   4.00121796e-01   1.78001382e-01   3.80714320e-01\n",
      "    3.52723824e-01   1.92481431e-01   3.30772202e-01   3.12302223e-01\n",
      "    2.97087555e-01   4.23585349e-01   3.80957899e-01   2.96169180e-01\n",
      "    4.30832894e-01   3.01307825e-01   2.71152179e-01   3.05682459e-01\n",
      "    2.54370542e-01   3.32782758e-01   3.68326514e-01   2.33782539e-01\n",
      "    2.42066180e-01   3.36368532e-01]\n",
      " [  1.75362573e-01   2.08589568e-01   2.31589329e-01   3.12013565e-01\n",
      "    2.40312816e-01   2.25656942e-01   3.27705756e-01   2.49499189e-01\n",
      "    1.00305810e+00   3.57599213e-01   1.26550658e-01   3.37071071e-01\n",
      "    2.95554307e-01   1.91841029e-01   3.28247382e-01   2.82445581e-01\n",
      "    2.40555256e-01   3.27130919e-01   3.32736780e-01   2.81831310e-01\n",
      "    2.59597942e-01   3.04439900e-01   1.43495910e-01   3.62764431e-01\n",
      "    2.54894238e-01   2.11297812e-01   2.19128184e-01   2.50207644e-01\n",
      "    2.63990674e-01   1.35300605e-01]\n",
      " [  3.32095745e-01   3.49177889e-01   3.01209431e-01   4.56856950e-01\n",
      "    3.86428791e-01   3.85691832e-01   5.33820342e-01   4.00121796e-01\n",
      "    3.57599213e-01   1.00305810e+00   1.78178575e-01   4.46247452e-01\n",
      "    4.47637723e-01   1.90388899e-01   3.80859214e-01   3.42555690e-01\n",
      "    4.41202083e-01   5.14463602e-01   4.25094466e-01   3.22390136e-01\n",
      "    4.27792282e-01   2.89811096e-01   1.92507921e-01   4.24252936e-01\n",
      "    2.98561469e-01   4.01332711e-01   4.57301276e-01   3.33047646e-01\n",
      "    3.24413727e-01   2.87566419e-01]\n",
      " [  1.41556511e-01   7.49687334e-02   1.81970934e-01   2.30942793e-01\n",
      "    5.52825464e-02   1.56505083e-01   1.24361865e-01   1.78001382e-01\n",
      "    1.26550658e-01   1.78178575e-01   1.00305810e+00   1.60840196e-01\n",
      "    2.44868785e-01   1.61085362e-01   1.81188463e-01   1.45292242e-01\n",
      "    4.98336370e-04   1.76872594e-01   2.28887378e-01   2.33703052e-01\n",
      "    1.09102295e-01   1.53833965e-01   7.88113210e-02   1.19386438e-01\n",
      "    8.40252980e-02   1.26522376e-01   1.64950673e-01   1.62988207e-01\n",
      "    1.15817866e-01   9.43540121e-02]\n",
      " [  3.04218614e-01   3.53836319e-01   3.58824236e-01   4.10318626e-01\n",
      "    3.18742585e-01   3.88832600e-01   4.07193923e-01   3.80714320e-01\n",
      "    3.37071071e-01   4.46247452e-01   1.60840196e-01   1.00305810e+00\n",
      "    4.24813957e-01   2.13116847e-01   4.05121566e-01   3.16470456e-01\n",
      "    2.92406527e-01   4.85895327e-01   3.92893309e-01   2.89557424e-01\n",
      "    3.21757890e-01   3.33299178e-01   2.61399407e-01   3.48592219e-01\n",
      "    1.88830226e-01   3.24493476e-01   4.08052505e-01   2.98207715e-01\n",
      "    5.21699171e-01   3.03820972e-01]\n",
      " [  3.13844875e-01   2.52717145e-01   2.90320540e-01   3.62469582e-01\n",
      "    3.90521090e-01   3.66255738e-01   3.14139389e-01   3.52723824e-01\n",
      "    2.95554307e-01   4.47637723e-01   2.44868785e-01   4.24813957e-01\n",
      "    1.00305810e+00   2.42933586e-01   3.66071510e-01   2.34233417e-01\n",
      "    1.40108003e-01   3.52329410e-01   3.64542360e-01   2.50270964e-01\n",
      "    2.79179023e-01   2.80899217e-01   2.40691896e-01   2.86475187e-01\n",
      "    2.33786173e-01   3.07493538e-01   3.31037784e-01   2.86835787e-01\n",
      "    2.58669156e-01   3.34469491e-01]\n",
      " [  5.31142389e-02   2.56770598e-01   2.50689544e-01   2.18821795e-01\n",
      "    1.27240364e-01   1.20648659e-01   1.11546188e-01   1.92481431e-01\n",
      "    1.91841029e-01   1.90388899e-01   1.61085362e-01   2.13116847e-01\n",
      "    2.42933586e-01   1.00305810e+00   2.49539713e-01   1.76765053e-01\n",
      "    1.43581174e-01   1.96492313e-01   2.33621765e-01   1.91983274e-01\n",
      "    1.72083380e-01   1.63633856e-01   1.55671626e-01   2.27123098e-01\n",
      "    1.44415355e-01   1.36517250e-01   1.57923862e-01   3.08622612e-01\n",
      "    1.75741808e-01   1.42950399e-01]\n",
      " [  2.67594310e-01   2.51588004e-01   3.23091527e-01   3.15304390e-01\n",
      "    2.38281246e-01   2.39536581e-01   2.53013159e-01   3.30772202e-01\n",
      "    3.28247382e-01   3.80859214e-01   1.81188463e-01   4.05121566e-01\n",
      "    3.66071510e-01   2.49539713e-01   1.00305810e+00   2.71630829e-01\n",
      "    2.31300094e-01   3.51720803e-01   3.87815592e-01   2.72017123e-01\n",
      "    3.11287836e-01   2.59333488e-01   8.02515748e-02   3.79314498e-01\n",
      "    1.45278493e-01   2.34389927e-01   2.36444975e-01   3.31135604e-01\n",
      "    2.95011738e-01   2.48678896e-01]\n",
      " [  2.12860616e-01   2.78234354e-01   2.83948884e-01   2.86435874e-01\n",
      "    2.33290887e-01   3.57667787e-01   3.14094121e-01   3.12302223e-01\n",
      "    2.82445581e-01   3.42555690e-01   1.45292242e-01   3.16470456e-01\n",
      "    2.34233417e-01   1.76765053e-01   2.71630829e-01   1.00305810e+00\n",
      "    2.29026095e-01   3.63882597e-01   3.75662138e-01   2.12283841e-01\n",
      "    2.79063180e-01   2.63509864e-01   1.99579614e-01   3.36666732e-01\n",
      "    2.80133309e-01   2.29130740e-01   3.17011922e-01   2.90487729e-01\n",
      "    2.52224019e-01   1.99222041e-01]\n",
      " [  9.61333779e-02   2.87848965e-01   2.35895412e-01   2.84150659e-01\n",
      "    2.14052974e-01   2.44500677e-01   2.86965325e-01   2.97087555e-01\n",
      "    2.40555256e-01   4.41202083e-01   4.98336370e-04   2.92406527e-01\n",
      "    1.40108003e-01   1.43581174e-01   2.31300094e-01   2.29026095e-01\n",
      "    1.00305810e+00   3.48642293e-01   3.36833678e-01   1.98712640e-01\n",
      "    3.31638198e-01   2.36462209e-01   2.43631028e-01   3.25252873e-01\n",
      "    3.27533211e-01   3.15261703e-01   2.34938668e-01   2.70946545e-01\n",
      "    2.07614171e-01   1.87690979e-01]\n",
      " [  3.71881636e-01   4.19193684e-01   4.36733761e-01   5.42399248e-01\n",
      "    2.31414366e-01   3.86766021e-01   6.61943270e-01   4.23585349e-01\n",
      "    3.27130919e-01   5.14463602e-01   1.76872594e-01   4.85895327e-01\n",
      "    3.52329410e-01   1.96492313e-01   3.51720803e-01   3.63882597e-01\n",
      "    3.48642293e-01   1.00305810e+00   4.91056925e-01   3.29501459e-01\n",
      "    3.26337177e-01   3.37021604e-01   1.76443188e-01   3.87736051e-01\n",
      "    2.56185624e-01   3.83212874e-01   4.68187754e-01   4.22073984e-01\n",
      "    3.83175704e-01   3.22062394e-01]\n",
      " [  3.03979337e-01   2.88894558e-01   3.94731715e-01   3.87095238e-01\n",
      "    2.81237542e-01   3.12244439e-01   4.08559417e-01   3.80957899e-01\n",
      "    3.32736780e-01   4.25094466e-01   2.28887378e-01   3.92893309e-01\n",
      "    3.64542360e-01   2.33621765e-01   3.87815592e-01   3.75662138e-01\n",
      "    3.36833678e-01   4.91056925e-01   1.00305810e+00   2.38640638e-01\n",
      "    3.74201341e-01   3.13459171e-01   2.87512308e-01   4.33958735e-01\n",
      "    2.90357393e-01   3.52460401e-01   3.97780920e-01   4.20088211e-01\n",
      "    2.72234738e-01   2.70683095e-01]\n",
      " [  2.43705077e-01   2.29603447e-01   2.44568390e-01   3.40830759e-01\n",
      "    2.53750772e-01   2.19848501e-01   2.37038977e-01   2.96169180e-01\n",
      "    2.81831310e-01   3.22390136e-01   2.33703052e-01   2.89557424e-01\n",
      "    2.50270964e-01   1.91983274e-01   2.72017123e-01   2.12283841e-01\n",
      "    1.98712640e-01   3.29501459e-01   2.38640638e-01   1.00305810e+00\n",
      "    2.80126898e-01   2.82500104e-01   1.75235316e-01   2.13147009e-01\n",
      "    2.46137516e-01   3.01638730e-01   3.06252720e-01   1.73503927e-01\n",
      "    2.25697871e-01   2.12201645e-01]\n",
      " [  3.16501381e-01   2.32890069e-01   1.54837662e-01   3.00093360e-01\n",
      "    1.96744091e-01   3.23860142e-01   3.06949698e-01   4.30832894e-01\n",
      "    2.59597942e-01   4.27792282e-01   1.09102295e-01   3.21757890e-01\n",
      "    2.79179023e-01   1.72083380e-01   3.11287836e-01   2.79063180e-01\n",
      "    3.31638198e-01   3.26337177e-01   3.74201341e-01   2.80126898e-01\n",
      "    1.00305810e+00   3.45443913e-01   1.13718278e-01   2.63153683e-01\n",
      "    2.17947906e-01   3.06050321e-01   3.60604514e-01   1.94143284e-01\n",
      "    2.59239028e-01   2.75455723e-01]\n",
      " [  2.05808446e-01   2.64005615e-01   2.70916545e-01   3.59651704e-01\n",
      "    2.81803113e-01   2.61541111e-01   3.12617061e-01   3.01307825e-01\n",
      "    3.04439900e-01   2.89811096e-01   1.53833965e-01   3.33299178e-01\n",
      "    2.80899217e-01   1.63633856e-01   2.59333488e-01   2.63509864e-01\n",
      "    2.36462209e-01   3.37021604e-01   3.13459171e-01   2.82500104e-01\n",
      "    3.45443913e-01   1.00305810e+00   1.99482053e-01   2.23262604e-01\n",
      "    2.18776646e-01   2.58989497e-01   2.92025666e-01   2.58827897e-01\n",
      "    2.00694492e-01   2.51981845e-01]\n",
      " [  1.67098799e-01   1.50772057e-01   2.06131527e-01   1.56344959e-01\n",
      "    1.43047508e-01   8.87337212e-02   1.77412741e-01   2.71152179e-01\n",
      "    1.43495910e-01   1.92507921e-01   7.88113210e-02   2.61399407e-01\n",
      "    2.40691896e-01   1.55671626e-01   8.02515748e-02   1.99579614e-01\n",
      "    2.43631028e-01   1.76443188e-01   2.87512308e-01   1.75235316e-01\n",
      "    1.13718278e-01   1.99482053e-01   1.00305810e+00   2.02748340e-01\n",
      "    5.04397772e-01   3.12170744e-01   1.62258612e-01   1.57995737e-01\n",
      "    2.05424798e-01   1.39943073e-01]\n",
      " [  2.83997523e-01   2.82909398e-01   3.21454883e-01   3.48893276e-01\n",
      "    2.54310783e-01   3.14304716e-01   3.54701765e-01   3.05682459e-01\n",
      "    3.62764431e-01   4.24252936e-01   1.19386438e-01   3.48592219e-01\n",
      "    2.86475187e-01   2.27123098e-01   3.79314498e-01   3.36666732e-01\n",
      "    3.25252873e-01   3.87736051e-01   4.33958735e-01   2.13147009e-01\n",
      "    2.63153683e-01   2.23262604e-01   2.02748340e-01   1.00305810e+00\n",
      "    2.97461957e-01   3.06064799e-01   3.51597417e-01   3.71573447e-01\n",
      "    2.56649314e-01   2.55216363e-01]\n",
      " [  2.04161235e-01   1.45053076e-01   1.77969040e-01   1.83381161e-01\n",
      "    1.63290410e-01   1.85026209e-01   2.50657157e-01   2.54370542e-01\n",
      "    2.54894238e-01   2.98561469e-01   8.40252980e-02   1.88830226e-01\n",
      "    2.33786173e-01   1.44415355e-01   1.45278493e-01   2.80133309e-01\n",
      "    3.27533211e-01   2.56185624e-01   2.90357393e-01   2.46137516e-01\n",
      "    2.17947906e-01   2.18776646e-01   5.04397772e-01   2.97461957e-01\n",
      "    1.00305810e+00   3.35374941e-01   1.56370386e-01   2.67379915e-01\n",
      "    2.46423662e-01   2.14230819e-01]\n",
      " [  2.37720624e-01   3.12664048e-01   3.43475652e-01   2.96756110e-01\n",
      "    2.57375503e-01   2.70548355e-01   3.39279617e-01   3.32782758e-01\n",
      "    2.11297812e-01   4.01332711e-01   1.26522376e-01   3.24493476e-01\n",
      "    3.07493538e-01   1.36517250e-01   2.34389927e-01   2.29130740e-01\n",
      "    3.15261703e-01   3.83212874e-01   3.52460401e-01   3.01638730e-01\n",
      "    3.06050321e-01   2.58989497e-01   3.12170744e-01   3.06064799e-01\n",
      "    3.35374941e-01   1.00305810e+00   3.84460846e-01   2.93722904e-01\n",
      "    2.28007154e-01   2.38219150e-01]\n",
      " [  3.37134637e-01   2.74886211e-01   2.36376650e-01   3.83314577e-01\n",
      "    3.02825947e-01   4.53121129e-01   3.51886920e-01   3.68326514e-01\n",
      "    2.19128184e-01   4.57301276e-01   1.64950673e-01   4.08052505e-01\n",
      "    3.31037784e-01   1.57923862e-01   2.36444975e-01   3.17011922e-01\n",
      "    2.34938668e-01   4.68187754e-01   3.97780920e-01   3.06252720e-01\n",
      "    3.60604514e-01   2.92025666e-01   1.62258612e-01   3.51597417e-01\n",
      "    1.56370386e-01   3.84460846e-01   1.00305810e+00   2.61280078e-01\n",
      "    2.89914854e-01   3.92807581e-01]\n",
      " [  1.96352096e-01   3.02328076e-01   6.01037678e-01   3.50041364e-01\n",
      "    2.23238998e-01   2.61356485e-01   4.00316828e-01   2.33782539e-01\n",
      "    2.50207644e-01   3.33047646e-01   1.62988207e-01   2.98207715e-01\n",
      "    2.86835787e-01   3.08622612e-01   3.31135604e-01   2.90487729e-01\n",
      "    2.70946545e-01   4.22073984e-01   4.20088211e-01   1.73503927e-01\n",
      "    1.94143284e-01   2.58827897e-01   1.57995737e-01   3.71573447e-01\n",
      "    2.67379915e-01   2.93722904e-01   2.61280078e-01   1.00305810e+00\n",
      "    2.28944022e-01   1.98525446e-01]\n",
      " [  2.07289474e-01   3.26498895e-01   2.45165786e-01   3.12925088e-01\n",
      "    2.48398302e-01   2.66885516e-01   3.29183967e-01   2.42066180e-01\n",
      "    2.63990674e-01   3.24413727e-01   1.15817866e-01   5.21699171e-01\n",
      "    2.58669156e-01   1.75741808e-01   2.95011738e-01   2.52224019e-01\n",
      "    2.07614171e-01   3.83175704e-01   2.72234738e-01   2.25697871e-01\n",
      "    2.59239028e-01   2.00694492e-01   2.05424798e-01   2.56649314e-01\n",
      "    2.46423662e-01   2.28007154e-01   2.89914854e-01   2.28944022e-01\n",
      "    1.00305810e+00   1.93105835e-01]\n",
      " [  4.04624952e-01   1.94367628e-01   2.44747108e-01   3.16774014e-01\n",
      "    2.51814820e-01   3.62548784e-01   2.29590589e-01   3.36368532e-01\n",
      "    1.35300605e-01   2.87566419e-01   9.43540121e-02   3.03820972e-01\n",
      "    3.34469491e-01   1.42950399e-01   2.48678896e-01   1.99222041e-01\n",
      "    1.87690979e-01   3.22062394e-01   2.70683095e-01   2.12201645e-01\n",
      "    2.75455723e-01   2.51981845e-01   1.39943073e-01   2.55216363e-01\n",
      "    2.14230819e-01   2.38219150e-01   3.92807581e-01   1.98525446e-01\n",
      "    1.93105835e-01   1.00305810e+00]]\n"
     ]
    }
   ],
   "source": [
    "cov_mat = np.cov(X_std.T)\n",
    "\n",
    "print('Covariance matrix \\n%s' %cov_mat)"
   ]
  },
  {
   "cell_type": "code",
   "execution_count": 7,
   "metadata": {
    "scrolled": false
   },
   "outputs": [
    {
     "name": "stdout",
     "output_type": "stream",
     "text": [
      "Eigenvectors \n",
      "[[  1.66390062e-01   3.22116862e-01   1.92711303e-01  -1.25871214e-01\n",
      "    2.68823349e-01  -8.22815122e-02   2.72083298e-02  -2.91953678e-02\n",
      "   -1.50795748e-01  -1.07881480e-01  -7.49592050e-02   1.87602173e-01\n",
      "   -2.63297377e-01  -5.49138463e-02   2.11192324e-01  -1.15042466e-01\n",
      "   -1.23081968e-01   1.17254100e-01  -4.55752149e-02  -5.07196784e-02\n",
      "    4.30827319e-01  -1.84845616e-01  -1.46586905e-01   3.27693745e-02\n",
      "    4.37696603e-01  -1.99267410e-01  -1.41322878e-01  -3.42893041e-02\n",
      "    3.52501974e-02   3.24162332e-03]\n",
      " [  1.71455081e-01  -9.35751756e-02  -1.91061350e-01   2.38307977e-01\n",
      "   -7.09794290e-02  -2.65510583e-02  -1.96969050e-01  -5.84853573e-02\n",
      "    3.41435248e-01  -1.85076328e-01   1.07962588e-01  -7.43789703e-02\n",
      "    5.29699799e-02   5.18954745e-02  -6.05381031e-02   1.02578201e-01\n",
      "   -1.56704259e-01   9.07874300e-03  -9.38531047e-02  -1.60872695e-02\n",
      "   -1.81297487e-01  -1.60257521e-01  -2.56158641e-01  -1.81345467e-01\n",
      "    2.42205702e-01  -3.00822656e-01  -1.07573669e-01  -1.47926761e-01\n",
      "   -2.68608127e-01  -4.32854065e-01]\n",
      " [  1.85425062e-01  -1.54398587e-01  -2.89725446e-01  -1.70127380e-01\n",
      "    3.69180884e-01  -2.58672493e-01   2.61138423e-03  -8.11508555e-02\n",
      "    6.58926090e-02   1.07024273e-01   4.23245197e-01   1.78860152e-03\n",
      "   -2.07584749e-01  -2.62920881e-03  -3.22496297e-01  -1.93000576e-01\n",
      "    3.40472642e-01   9.64284770e-02  -7.38676115e-03   2.53520667e-01\n",
      "    3.76916713e-02   4.12319400e-02  -3.62949484e-02  -8.34442037e-02\n",
      "    1.27765776e-02   5.03663931e-02  -7.55553154e-02   1.20523064e-01\n",
      "    1.20514726e-01  -3.74494533e-02]\n",
      " [  2.16116980e-01   9.64137003e-02  -1.73829750e-01   1.04822044e-01\n",
      "    9.64531754e-03   4.89872008e-02  -2.24346911e-01   1.43008043e-01\n",
      "    1.66793621e-02   7.85053199e-02   1.07276402e-01  -2.18989914e-02\n",
      "   -7.89738313e-02   1.52499537e-01   2.34363203e-01  -1.42904686e-01\n",
      "   -2.80533636e-01   1.06278039e-02  -3.54506769e-01   7.68956158e-03\n",
      "    3.64063243e-02   6.11701548e-01  -1.60904745e-02   2.44668280e-01\n",
      "    7.19394012e-03   1.68812849e-01  -7.43961125e-02   1.56454214e-01\n",
      "   -8.34782612e-02  -2.33473687e-02]\n",
      " [  1.55980843e-01   8.20909913e-02   6.77182100e-02  -1.28206671e-02\n",
      "   -2.19457031e-01   6.75711174e-02   1.79132093e-02  -4.03181563e-01\n",
      "    5.73742779e-02   5.62828813e-01   1.39268550e-01  -1.08153834e-01\n",
      "    1.36132310e-01  -1.32838377e-01  -3.10659357e-02   2.27373215e-01\n",
      "    7.89993028e-02  -2.48101863e-02  -3.51996551e-03  -1.25941778e-01\n",
      "    5.38460602e-02   1.39816254e-01   4.09057128e-02  -1.45017852e-01\n",
      "    2.61348896e-01  -1.05804191e-01  -2.48580979e-01   3.18611940e-02\n",
      "   -1.23820424e-01   2.88194630e-01]\n",
      " [  1.88113366e-01   2.84574034e-01   5.40947834e-02   1.24438178e-02\n",
      "    1.90625089e-01   4.91971350e-02   9.20860664e-02  -6.94075115e-02\n",
      "   -5.13328937e-02  -8.81513389e-02  -1.33416648e-01  -3.20263268e-01\n",
      "    1.63001730e-01  -1.93402957e-02  -2.64359036e-01   2.93566739e-01\n",
      "    9.67802798e-02   1.23551903e-01   1.18791579e-01  -2.83776983e-01\n",
      "   -7.26626413e-02   1.04826054e-01  -1.16355923e-01   2.19694941e-01\n",
      "    9.07454015e-02   3.04489404e-01  -7.32813511e-02   7.77683083e-02\n",
      "    2.84181333e-01  -3.52474776e-01]\n",
      " [  2.12578720e-01  -2.70617996e-02  -1.46842617e-01   3.38231558e-01\n",
      "    8.81561215e-02  -5.30995933e-01  -2.34069232e-01   1.33504264e-01\n",
      "   -1.84783534e-01   1.09753766e-01  -2.41665551e-01   8.26459832e-02\n",
      "   -6.53850373e-02  -1.73547677e-01  -1.69689051e-01   2.94041848e-01\n",
      "   -2.45721956e-01  -1.48097633e-01   1.41183473e-01   5.32670777e-02\n",
      "    2.86873055e-02  -2.15083322e-02   1.50904735e-01   2.43059037e-02\n",
      "   -1.10790429e-01  -7.48496938e-02  -5.73206062e-02  -8.12456853e-02\n",
      "    1.07443250e-01   1.60198993e-01]\n",
      " [  1.99520417e-01   1.22064121e-01   2.12815298e-01  -9.37967063e-02\n",
      "    2.42816715e-02  -6.46040083e-02   1.08508636e-01   1.33704728e-01\n",
      "    9.38910095e-02  -1.85995297e-01  -5.60728729e-02   1.22254261e-01\n",
      "   -1.06046848e-01   1.63102090e-01   1.70725097e-03  -3.03729395e-02\n",
      "    5.81943920e-02  -1.91011148e-01  -2.22350015e-02  -1.74055207e-01\n",
      "   -3.90445367e-01   7.60344840e-02   3.96276180e-01  -2.88339438e-01\n",
      "    3.36058191e-02  -2.19118037e-01  -2.19548295e-01   4.28934996e-01\n",
      "    7.81322548e-02  -4.19512703e-03]\n",
      " [  1.66917108e-01  -1.09666203e-01  -7.36399728e-02  -4.23030867e-03\n",
      "   -3.68975015e-01   3.53954957e-02   1.76853597e-01   6.58034213e-02\n",
      "   -3.64716278e-01   1.31516864e-01  -7.19516426e-03  -6.01621364e-02\n",
      "   -2.02576025e-01  -4.71913414e-02  -2.34417128e-02   3.01005484e-02\n",
      "   -1.66867696e-01   1.90080153e-01  -1.96081090e-01  -5.45071651e-03\n",
      "    6.72953697e-02  -6.01747560e-04  -1.36621687e-01  -4.82239291e-01\n",
      "   -8.93862611e-03   2.91083194e-02   2.68686242e-01   1.29251984e-01\n",
      "    2.92559810e-01  -2.22135531e-01]\n",
      " [  2.34780853e-01   4.28660288e-02   3.68840088e-02   1.80842705e-01\n",
      "   -1.02592040e-01   2.22303678e-01   5.34484190e-02   5.08277278e-02\n",
      "   -4.75852817e-02   1.52974699e-01  -4.55736446e-02   2.00626489e-01\n",
      "    2.64123207e-01   5.37217384e-01  -3.55822682e-01  -1.69062013e-01\n",
      "   -8.15760056e-02  -5.44382806e-02  -1.38967595e-01   1.73426395e-01\n",
      "    1.93355342e-01  -2.99943652e-01   1.06040880e-01   9.25713406e-02\n",
      "   -3.18560799e-02   6.91879205e-02  -1.83662277e-01  -5.93969888e-02\n",
      "    1.12941354e-01   7.20815333e-03]\n",
      " [  9.43960356e-02   9.14212137e-02  -1.52928000e-01  -4.90785696e-01\n",
      "   -6.21000132e-02  -8.79489481e-05  -2.84185593e-01   4.13158621e-01\n",
      "   -1.90823520e-01  -4.46189125e-02   3.28130179e-02   2.55468185e-02\n",
      "    3.40291923e-01  -1.00616232e-01  -1.24009152e-02   1.19837689e-01\n",
      "    8.73309104e-02  -1.51632617e-01  -1.17311028e-02   3.68766675e-02\n",
      "    7.63988697e-02  -5.86713910e-02   1.04260076e-01  -2.32708465e-01\n",
      "    1.85998989e-01   2.54816719e-01  -4.98994177e-02  -1.08009838e-01\n",
      "   -2.45109558e-01  -4.90313804e-02]\n",
      " [  2.20755825e-01   6.69267049e-02  -5.38421237e-02   4.61895274e-02\n",
      "   -1.65553210e-01  -1.75384879e-02  -1.55581258e-01  -2.93897884e-01\n",
      "   -7.09888208e-02  -2.16588783e-01   1.47065252e-01   4.10421350e-02\n",
      "   -5.70888259e-02   2.80597626e-01   4.14527692e-01   3.97609738e-01\n",
      "    2.29528994e-01  -9.26158414e-02   1.88348558e-01   2.91951871e-01\n",
      "    1.31173507e-01  -1.29777252e-01   2.64122395e-02   6.13951507e-02\n",
      "   -9.69750044e-02   1.14246530e-01   1.29038613e-01   2.34748359e-01\n",
      "   -2.06209526e-03  -3.96016846e-02]\n",
      " [  1.94668753e-01   1.29093342e-01   2.07639459e-02  -2.67625437e-01\n",
      "   -1.03013758e-01  -8.60619411e-02  -7.20534963e-02  -2.64687277e-01\n",
      "   -4.11061912e-02   2.08928277e-01  -3.30874483e-02   1.27741449e-01\n",
      "    1.38096684e-01  -2.17400118e-01   1.94789359e-01  -3.77347153e-01\n",
      "   -1.75528020e-01  -3.00431732e-01   1.65211937e-01   1.17705282e-01\n",
      "   -2.63129364e-01  -8.62223135e-02  -1.51375248e-01   1.31469894e-01\n",
      "   -2.12857464e-01  -1.55366136e-02  -8.29470708e-02  -7.97085251e-02\n",
      "    2.14785195e-01  -2.94430354e-01]\n",
      " [  1.17262545e-01  -2.01246981e-01  -2.35314501e-01  -3.36921841e-01\n",
      "   -1.58049530e-01  -6.58998645e-02   1.30828578e-01  -7.60090581e-02\n",
      "    4.59719968e-01  -2.46990775e-01  -7.37779344e-03  -8.56103921e-02\n",
      "    1.38340677e-01  -4.96673032e-03  -3.20951316e-02   2.35924038e-02\n",
      "   -3.89615523e-01   2.78202683e-02   1.40609933e-01  -1.12649168e-01\n",
      "    3.02513951e-01   1.05627589e-02   1.05377001e-01   4.37884328e-02\n",
      "    3.51412332e-02  -5.65403758e-03   4.06180071e-02   8.68427666e-02\n",
      "    2.84146328e-01   2.08046348e-01]\n",
      " [  1.81854779e-01   4.25890006e-02  -1.90805647e-01  -1.67567038e-01\n",
      "   -2.11148207e-01  -6.77134630e-02   3.16463636e-01  -8.19219545e-02\n",
      "   -7.11980938e-02  -1.01845267e-01   2.74463852e-02   3.34935973e-01\n",
      "   -1.48544587e-01  -1.32658843e-01  -1.34307204e-01   1.65232803e-01\n",
      "    1.57178120e-01   1.20815994e-02  -2.59541793e-01  -3.06646287e-01\n",
      "    1.00202964e-01  -5.00912889e-03   8.03767982e-02   2.82146394e-01\n",
      "   -3.24847675e-01  -1.03311792e-01  -5.40694414e-02  -1.32752434e-01\n",
      "   -3.06544191e-01  -1.34633715e-01]\n",
      " [  1.75219689e-01  -6.51584089e-02   1.56762277e-03   1.48035458e-02\n",
      "    2.50627464e-02  -3.68469968e-03   1.72979519e-01   5.30721367e-02\n",
      "   -2.37075010e-01  -1.66563193e-01  -7.46310947e-02  -6.04299831e-01\n",
      "    1.77777464e-01  -4.60794313e-02   1.37158551e-01  -1.52941460e-01\n",
      "    8.80032764e-02   4.10634252e-02  -1.00350324e-02   1.83050047e-01\n",
      "    1.99696510e-01   5.62536145e-02   7.42245520e-02  -3.21950231e-02\n",
      "   -2.82113605e-01  -3.40603729e-01  -3.09645889e-01  -5.81572360e-02\n",
      "   -1.15188770e-01   8.05367330e-03]\n",
      " [  1.62893717e-01  -2.56582671e-01   1.48971322e-01   3.10815716e-01\n",
      "   -4.67335405e-02  -1.61294326e-01   2.52199435e-01   1.25777455e-01\n",
