1,0,0,0,0,0,0,0,0,0,0,0,0,0,0,0,0,0,0,0,0,0,0,0,0,0,0,0,0,0,0,0,0,0,0,0,0,0,0,0,0,0,0,0,0,0,0,0,0,0,0,0,0,0,0,0,0,0,0,0,0,0,0,0,0,0,0
0,1,0.17069,-0.0467636,-0.105239,-0.103948,0.161582,-0.107687,-0.431853,0.213407,0.397879,-0.574355,0,0,0,0,0,0,0,0,0,0,0,0,0,0,0,0,0,0,0,0,0,0,0,0,0,0,0,0,0,0,0,0,0,0,0,0,0,0,0,0,0,0,0,0,0,0,0,0,0,0,0,0,0,0,0
0,0.17069,1,0.124669,-0.0975918,-0.377933,0.355819,-0.264345,-0.180363,0.220906,0.480152,-0.34065,0,0,0,0,0,0,0,0,0,0,0,0,0,0,0,0,0,0,0,0,0,0,0,0,0,0,0,0,0,0,0,0,0,0,0,0,0,0,0,0,0,0,0,0,0,0,0,0,0,0,0,0,0,0,0
0,-0.0467636,0.124669,1,0.0657686,0.140178,-0.109307,-0.150124,-0.00162402,-0.215145,0.13102,-0.0659122,0,0,0,0,0,0,0,0,0,0,0,0,0,0,0,0,0,0,0,0,0,0,0,0,0,0,0,0,0,0,0,0,0,0,0,0,0,0,0,0,0,0,0,0,0,0,0,0,0,0,0,0,0,0,0
0,-0.105239,-0.0975918,0.0657686,1,0.132409,-0.00255968,0.156648,0.239357,-0.214839,-0.0232957,0.191477,0,0,0,0,0,0,0,0,0,0,0,0,0,0,0,0,0,0,0,0,0,0,0,0,0,0,0,0,0,0,0,0,0,0,0,0,0,0,0,0,0,0,0,0,0,0,0,0,0,0,0,0,0,0,0
0,-0.103948,-0.377933,0.140178,0.132409,1,-0.248449,0.168636,0.186762,-0.321576,-0.247003,0.0895511,0,0,0,0,0,0,0,0,0,0,0,0,0,0,0,0,0,0,0,0,0,0,0,0,0,0,0,0,0,0,0,0,0,0,0,0,0,0,0,0,0,0,0,0,0,0,0,0,0,0,0,0,0,0,0
0,0.161582,0.355819,-0.109307,-0.00255968,-0.248449,1,-0.271054,-0.146551,0.213509,0.138598,-0.337106,0,0,0,0,0,0,0,0,0,0,0,0,0,0,0,0,0,0,0,0,0,0,0,0,0,0,0,0,0,0,0,0,0,0,0,0,0,0,0,0,0,0,0,0,0,0,0,0,0,0,0,0,0,0,0
0,-0.107687,-0.264345,-0.150124,0.156648,0.168636,-0.271054,1,0.679112,-0.444599,-0.354256,0.452308,0,0,0,0,0,0,0,0,0,0,0,0,0,0,0,0,0,0,0,0,0,0,0,0,0,0,0,0,0,0,0,0,0,0,0,0,0,0,0,0,0,0,0,0,0,0,0,0,0,0,0,0,0,0,0
0,-0.431853,-0.180363,-0.00162402,0.239357,0.186762,-0.146551,0.679112,1,-0.513212,-0.397857,0.49954,0,0,0,0,0,0,0,0,0,0,0,0,0,0,0,0,0,0,0,0,0,0,0,0,0,0,0,0,0,0,0,0,0,0,0,0,0,0,0,0,0,0,0,0,0,0,0,0,0,0,0,0,0,0,0
0,0.213407,0.220906,-0.215145,-0.214839,-0.321576,0.213509,-0.444599,-0.513212,1,0.020744,-0.340125,0,0,0,0,0,0,0,0,0,0,0,0,0,0,0,0,0,0,0,0,0,0,0,0,0,0,0,0,0,0,0,0,0,0,0,0,0,0,0,0,0,0,0,0,0,0,0,0,0,0,0,0,0,0,0
0,0.397879,0.480152,0.13102,-0.0232957,-0.247003,0.138598,-0.354256,-0.397857,0.020744,1,-0.54163,0,0,0,0,0,0,0,0,0,0,0,0,0,0,0,0,0,0,0,0,0,0,0,0,0,0,0,0,0,0,0,0,0,0,0,0,0,0,0,0,0,0,0,0,0,0,0,0,0,0,0,0,0,0,0
0,-0.574355,-0.34065,-0.0659122,0.191477,0.0895511,-0.337106,0.452308,0.49954,-0.340125,-0.54163,1,0,0,0,0,0,0,0,0,0,0,0,0,0,0,0,0,0,0,0,0,0,0,0,0,0,0,0,0,0,0,0,0,0,0,0,0,0,0,0,0,0,0,0,0,0,0,0,0,0,0,0,0,0,0,0
0,0,0,0,0,0,0,0,0,0,0,0,1,0.559366,0.472381,0.0845916,-0.491744,0.519918,0.492016,-0.183621,-0.0640857,-0.241503,0.0115434,-0.348065,-0.240441,-0.0119459,0.194606,0.0667577,-0.288465,-0.449752,-0.0331282,-0.463338,0.116634,-0.394829,-0.227722,-0.365719,-0.215661,-0.00808443,-0.129174,-0.263456,0.0205081,-0.239882,0.258575,-0.0794585,-0.0101526,0.292021,0.0781853,0.322487,-0.0622551,0.0479342,-0.435757,0.251199,0.0441295,0.124047,0.0462155,0.181543,0.00470058,-0.281025,-0.220528,0.201126,-0.476142,-0.115505,0.276908,0.289405,0.102307,0.333483,0.248638
0,0,0,0,0,0,0,0,0,0,0,0,0.559366,1,0.79078,0.0396248,-0.405224,0.308906,0.201853,0.0211631,-0.0276942,-0.19063,-0.012748,-0.187536,-0.136233,0.129466,0.286487,0.170607,-0.192652,-0.247021,-0.187929,-0.168152,0.0571487,-0.359271,-0.251167,-0.120928,0.0151429,-0.232198,-0.240009,-0.396866,0.18282,0.0307657,0.0664967,-0.152978,-0.318515,0.104761,-0.132083,-0.0201116,-0.166095,0.168968,-0.243314,0.0883506,0.0350355,0.162873,0.148804,0.181426,0.143178,-0.245897,-0.311076,-0.164621,-0.325982,-0.177991,0.108043,0.0592534,0.102102,-0.0350553,-0.0373503
0,0,0,0,0,0,0,0,0,0,0,0,0.472381,0.79078,1,0.261205,-0.485687,0.363443,0.340498,0.106267,-0.224191,-0.359129,0.0618068,-0.28075,-0.162798,0.227099,0.171257,0.217663,-0.336958,-0.229955,-0.0559757,0.000764221,0.00889768,-0.356002,-0.299928,-0.25461,-0.128247,-0.376277,-0.274548,-0.439304,0.219257,-0.190181,-0.0656785,-0.311468,-0.309271,0.0255436,-0.0892682,0.0221576,-0.26201,0.155521,-0.269433,0.108418,0.0948594,0.204678,0.176695,0.316927,0.117611,0.0440071,-0.0434566,0.0129153,-0.503983,-0.161746,0.108521,0.0379903,0.151521,0.0409261,0.0796594
0,0,0,0,0,0,0,0,0,0,0,0,0.0845916,0.0396248,0.261205,1,-0.00861928,0.272319,0.336005,0.105164,-0.118236,-0.0517067,0.175994,-0.183432,-0.0249835,0.141821,0.103465,0.370258,-0.213527,0.0474518,0.172838,0.224448,0.129496,-0.0765214,-0.118794,-0.119438,-0.0859822,-0.371746,-0.182843,-0.212565,-0.184538,-0.473039,-0.0992139,-0.278783,0.127014,-0.0575176,0.364412,0.0456461,-0.076776,0.318649,-0.0214686,0.0449302,0.0668098,0.0504397,-0.063282,0.0695352,-0.130145,0.0381382,0.116918,0.240368,-0.216572,0.174043,-0.00157054,-0.248535,-0.135138,-0.221142,-0.263374
0,0,0,0,0,0,0,0,0,0,0,0,-0.491744,-0.405224,-0.485687,-0.00861928,1,-0.39507,-0.26258,-0.115967,0.234392,0.2726,0.136771,0.22963,0.35983,0.00371375,-0.122625,-0.0236546,0.21049,0.180361,-0.0100499,0.0994637,-0.102347,0.302902,0.274662,0.0560555,0.0679306,0.199883,-0.00339968,0.259548,-0.284298,0.187365,-0.176066,0.102164,0.0758228,-0.233716,-0.0453179,-0.127854,0.10798,-0.0194196,0.159073,-0.232136,0.0593998,0.0665154,-0.157836,-0.284294,-0.0563038,0.0559714,0.0959093,-0.136329,0.496637,-0.127977,-0.264242,-0.34139,-0.244208,-0.310207,-0.171524
0,0,0,0,0,0,0,0,0,0,0,0,0.519918,0.308906,0.363443,0.272319,-0.39507,1,0.687489,-0.0129595,-0.0995177,-0.118338,0.174016,-0.536697,-0.248386,0.0114176,0.332379,0.219681,-0.242354,0.00947994,0.0877573,-0.0109727,0.105255,-0.217913,-0.22395,-0.180559,-0.234327,-0.246326,-6.91984e-05,-0.273514,-0.118626,-0.357974,-0.193049,-0.060849,0.0168489,0.302832,0.148721,0.0286129,-0.0180292,0.0296604,-0.163993,0.242369,0.0100177,-0.158378,0.230905,0.535838,0.123259,-0.245897,-0.0618373,0.184056,-0.418444,-0.0185009,0.088287,0.195135,-0.030411,0.187453,-0.0321411
0,0,0,0,0,0,0,0,0,0,0,0,0.492016,0.201853,0.340498,0.336005,-0.26258,0.687489,1,-0.00688962,-0.179322,-0.283607,0.262331,-0.433706,-0.0926824,0.195207,0.134181,0.261847,-0.323913,-0.228265,0.120942,-0.151601,0.0971621,-0.414794,-0.105559,-0.235855,-0.367001,-0.26354,-0.102527,-0.33875,-0.141972,-0.40542,-0.179684,-0.148311,0.00351883,0.326058,0.176722,0.370857,0.0346729,0.0244065,-0.312036,0.258581,0.0625584,-0.0619302,0.252202,0.460846,0.0127438,-0.0999506,-0.0106224,0.541016,-0.564792,0.12176,0.121385,0.158269,-0.0968501,0.240452,0.141732
0,0,0,0,0,0,0,0,0,0,0,0,-0.183621,0.0211631,0.106267,0.105164,-0.115967,-0.0129595,-0.00688962,1,-0.326051,-0.244253,-0.371166,0.012865,-0.210106,-0.0820997,-0.28081,-0.0215382,-0.305447,0.0820224,-0.18194,0.0864064,-0.354154,0.0238364,0.316788,0.374792,0.084039,-0.469095,-0.460562,-0.322573,0.135395,0.0762367,0.000907842,-0.300261,-0.184142,-0.177768,-0.0306262,0.053569,-0.290178,0.232195,0.121485,0.247964,-0.34058,-0.357317,0.145922,-0.00278819,0.252905,0.42439,0.39192,0.0465976,-0.212764,0.371094,0.169493,-0.0610273,0.00686251,0.0232958,-0.0860321
0,0,0,0,0,0,0,0,0,0,0,0,-0.0640857,-0.0276942,-0.224191,-0.118236,0.234392,-0.0995177,-0.179322,-0.326051,1,0.500391,0.0680839,0.184197,0.469496,0.290666,0.308233,0.203954,0.196645,-0.120732,0.276781,-0.0277538,0.161178,-0.0275432,0.155336,-0.290719,0.026261,0.403658,0.370696,0.524774,-0.0556884,0.275983,0.0941063,0.390323,0.502333,0.00419079,0.0360475,0.154128,0.386041,0.103821,0.332877,-0.261281,0.0935428,0.0343542,-0.329246,-0.419416,-0.224,-0.633542,-0.496891,-0.140962,0.201321,-0.231519,-0.330688,-0.068815,-0.125773,0.0474262,-0.0150904
0,0,0,0,0,0,0,0,0,0,0,0,-0.241503,-0.19063,-0.359129,-0.0517067,0.2726,-0.118338,-0.283607,-0.244253,0.500391,1,0.0991167,0.312079,0.445064,0.208877,0.248265,0.0438096,0.0970684,0.192708,0.0731299,0.17858,0.0969108,0.239458,0.0770812,-0.00317634,0.100259,0.251026,0.417246,0.433176,0.0337644,0.472773,0.229465,0.709617,0.394699,-0.0355002,0.130315,-0.0915176,0.218017,-0.132875,0.220383,-0.59115,-0.258999,-0.232304,-0.161551,-0.368642,-0.272967,-0.451738,-0.391289,-0.402405,0.410025,-0.315771,-0.412804,-0.108089,-0.177922,-0.158763,-0.212114
0,0,0,0,0,0,0,0,0,0,0,0,0.0115434,-0.012748,0.0618068,0.175994,0.136771,0.174016,0.262331,-0.371166,0.0680839,0.0991167,1,0.0260857,0.418601,0.112705,0.250026,0.159662,0.107173,0.216572,0.181276,0.0408798,0.208619,-0.269559,-0.375074,-0.146059,-0.13028,0.0204574,0.20393,0.0391537,-0.268626,-0.0412069,-0.249322,0.0106518,-0.0360287,0.0663675,-0.0368544,-0.128323,0.205565,-0.000622887,-0.180422,-0.321952,0.312087,0.0884561,0.0575915,0.191837,-0.0945556,-0.245878,-0.182997,0.0444931,0.0565286,-0.102102,-0.0679343,-0.208462,-0.218839,-0.159021,-0.0614676
0,0,0,0,0,0,0,0,0,0,0,0,-0.348065,-0.187536,-0.28075,-0.183432,0.22963,-0.536697,-0.433706,0.012865,0.184197,0.312079,0.0260857,1,0.400074,0.0956828,0.0429115,-0.161774,0.242782,0.183236,-0.0502458,0.0301531,-0.0354381,0.100204,0.0954856,0.115488,0.0206777,0.167557,-0.0584021,0.0782566,0.0597197,0.318182,0.0680969,0.0696003,0.0249201,-0.205779,-0.0263161,-0.0720856,0.240355,0.21278,0.335757,-0.220594,-0.253844,-0.146036,-0.0537939,-0.361273,-0.0327757,-0.0599121,-0.0280763,-0.125519,0.284245,0.12909,-0.211351,-0.320407,-0.190973,-0.303933,-0.248957
0,0,0,0,0,0,0,0,0,0,0,0,-0.240441,-0.136233,-0.162798,-0.0249835,0.35983,-0.248386,-0.0926824,-0.210106,0.469496,0.445064,0.418601,0.400074,1,0.30896,0.0944098,0.0978399,0.264762,0.209152,0.165031,-0.0856528,0.0306579,-0.0129994,0.129755,-0.1241,-0.23143,0.162327,0.131011,0.202035,-0.120514,0.278471,-0.157181,0.217071,0.164053,-0.0801832,0.1406,-0.0961408,0.402009,0.179835,0.237433,-0.433731,-0.113238,-0.050721,5.40488e-05,-0.296058,-0.207561,-0.293596,-0.288375,-0.0534534,0.270221,-0.0791184,-0.192898,-0.411439,-0.44309,-0.275392,-0.218598
0,0,0,0,0,0,0,0,0,0,0,0,-0.0119459,0.129466,0.227099,0.141821,0.00371375,0.0114176,0.195207,-0.0820997,0.290666,0.208877,0.112705,0.0956828,0.30896,1,0.332447,0.456491,-0.110085,-0.0647672,0.430773,0.189612,0.372657,-0.0979963,-0.0974352,-0.339626,-0.115868,0.148412,0.0714008,0.0196416,0.0784472,-0.136938,-0.144575,0.144708,0.167054,0.0524364,0.157932,0.10122,0.171648,-0.000802253,0.203275,-0.141915,-0.107009,0.162953,-0.179678,-0.0976683,-0.232819,-0.226255,-0.189949,0.0203439,-0.225379,-0.220402,-0.321073,-0.0463116,-0.0462229,0.0477032,-0.0590418
0,0,0,0,0,0,0,0,0,0,0,0,0.194606,0.286487,0.171257,0.103465,-0.122625,0.332379,0.134181,-0.28081,0.308233,0.248265,0.250026,0.0429115,0.0944098,0.332447,1,0.63117,0.157397,0.0992623,0.299545,0.207169,0.427536,-0.307203,-0.231009,0.0164342,-0.172382,0.0266868,0.235333,-0.0458647,-0.119438,-0.1105,-0.116021,0.181904,0.183028,0.0871343,-0.0400727,-0.0610219,0.0927517,0.036422,-0.0988019,-0.260203,0.063958,-0.0389204,-0.259858,0.147343,0.0191347,-0.693297,-0.487296,-0.0850343,0.0310277,-0.387641,-0.302789,0.24735,0.0358957,0.0184148,-0.0828065
0,0,0,0,0,0,0,0,0,0,0,0,0.0667577,0.170607,0.217663,0.370258,-0.0236546,0.219681,0.261847,-0.0215382,0.203954,0.0438096,0.159662,-0.161774,0.0978399,0.456491,0.63117,1,-0.106001,-0.0343609,0.417543,0.167705,0.269359,-0.145505,-0.0367634,0.0150001,-0.210133,-0.325575,-0.109926,-0.179564,-0.188384,-0.374807,-0.361988,-0.144907,0.0875813,-0.106217,0.0601179,0.0295126,-0.056641,0.0726534,-0.0192985,-0.139047,0.0266395,0.0718233,-0.204971,0.126077,0.0512548,-0.244787,-0.179059,-0.0126508,-0.0713981,-0.230821,-0.0666258,0.0420033,-0.0391262,-0.0344706,-0.0474084
0,0,0,0,0,0,0,0,0,0,0,0,-0.288465,-0.192652,-0.336958,-0.213527,0.21049,-0.242354,-0.323913,-0.305447,0.196645,0.0970684,0.107173,0.242782,0.264762,-0.110085,0.157397,-0.106001,1,0.486393,-0.0654071,0.184359,0.197448,-0.0885559,-0.271365,0.229636,-0.154136,0.245146,0.171312,0.207626,-0.038395,0.23679,-0.031001,0.143261,-0.100229,0.170343,-0.266462,-0.409007,0.46789,-0.018095,0.175207,-0.24651,0.190291,0.0183166,-0.338627,-0.120771,-0.03713,-0.266439,-0.242536,0.0839749,0.485733,-0.0758678,-0.317249,-0.0359058,-0.169026,-0.169101,-0.116425
0,0,0,0,0,0,0,0,0,0,0,0,-0.449752,-0.247021,-0.229955,0.0474518,0.180361,0.00947994,-0.228265,0.0820224,-0.120732,0.192708,0.216572,0.183236,0.209152,-0.0647672,0.0992623,-0.0343609,0.486393,1,-0.0396802,0.487127,0.0412853,0.111002,-0.213974,0.388434,0.0216742,-0.0796677,0.0989377,0.241427,-0.0222851,0.173215,-0.149449,0.136829,-0.136265,0.129328,-0.118646,-0.568097,0.204618,-0.0527495,0.278913,-0.191215,-0.0116302,-0.302569,0.0624682,0.121061,0.0289355,-0.0499168,-0.0744572,-0.106625,0.403679,-0.118854,-0.306745,-0.216383,-0.231847,-0.28732,-0.321512
0,0,0,0,0,0,0,0,0,0,0,0,-0.0331282,-0.187929,-0.0559757,0.172838,-0.0100499,0.0877573,0.120942,-0.18194,0.276781,0.0731299,0.181276,-0.0502458,0.165031,0.430773,0.299545,0.417543,-0.0654071,-0.0396802,1,0.0293229,0.434253,-0.00691098,-0.180686,-0.410318,0.0391451,0.164824,0.0840775,0.12475,-0.107446,-0.355514,-0.184662,0.0298582,0.251758,0.037342,0.221058,0.180906,-0.0748305,0.0110476,-0.0207128,0.0283738,0.194173,0.24579,-0.234945,-0.0498451,-0.196987,-0.15065,0.0570444,0.158575,-0.217458,0.043067,-0.0399031,0.0814956,0.0416442,0.228607,0.175879
0,0,0,0,0,0,0,0,0,0,0,0,-0.463338,-0.168152,0.000764221,0.224448,0.0994637,-0.0109727,-0.151601,0.0864064,-0.0277538,0.17858,0.0408798,0.0301531,-0.0856528,0.189612,0.207169,0.167705,0.184359,0.487127,0.0293229,1,0.272964,0.141309,-0.111167,0.147404,0.100418,-0.164232,0.196233,0.108127,0.15279,0.102963,0.0184966,0.0944691,-0.00133519,0.0550253,-0.0152712,-0.314521,0.127266,-0.029937,0.333063,-0.204743,0.0831952,-0.0652665,-0.241336,0.0358205,-0.0519273,0.00347036,0.0772166,-0.0426326,0.103217,-0.25999,-0.447454,-0.0604603,0.0355721,-0.161789,-0.162797
0,0,0,0,0,0,0,0,0,0,0,0,0.116634,0.0571487,0.00889768,0.129496,-0.102347,0.105255,0.0971621,-0.354154,0.161178,0.0969108,0.208619,-0.0354381,0.0306579,0.372657,0.427536,0.269359,0.197448,0.0412853,0.434253,0.272964,1,-0.189281,-0.283332,-0.174182,0.0851142,0.10688,0.11832,0.0498086,0.0885315,-0.20122,0.125838,0.144836,0.179551,0.42764,0.16318,0.00791988,0.154111,0.132383,-0.0860824,0.0223911,0.271618,0.256266,-0.244558,0.0736464,-0.153324,-0.379336,-0.16886,0.0828932,-0.18725,-0.287097,-0.173993,0.207926,0.106343,0.188563,0.0176733
0,0,0,0,0,0,0,0,0,0,0,0,-0.394829,-0.359271,-0.356002,-0.0765214,0.302902,-0.217913,-0.414794,0.0238364,-0.0275432,0.239458,-0.269559,0.100204,-0.0129994,-0.0979963,-0.307203,-0.145505,-0.0885559,0.111002,-0.00691098,0.141309,-0.189281,1,0.346394,-0.0454769,0.163203,0.165362,-0.0349516,0.182842,-0.148695,0.0433593,-0.130106,0.0787396,0.0377691,-0.449062,0.170263,-0.224674,-0.0745964,-0.279541,0.247533,-0.0445252,-0.0820063,-0.0823874,-0.0969808,-0.139298,-0.17058,0.265789,0.227231,-0.411002,0.367812,0.00970439,0.0332041,-0.239994,-0.00917134,-0.143082,-0.126234
0,0,0,0,0,0,0,0,0,0,0,0,-0.227722,-0.251167,-0.299928,-0.118794,0.274662,-0.22395,-0.105559,0.316788,0.155336,0.0770812,-0.375074,0.0954856,0.129755,-0.0974352,-0.231009,-0.0367634,-0.271365,-0.213974,-0.180686,-0.111167,-0.283332,0.346394,1,0.108579,0.010644,0.0410344,-0.178987,0.148757,0.0232748,0.0802712,0.0941332,0.0680212,0.30492,-0.227093,0.160908,0.290415,0.00180466,0.147976,0.28868,0.248337,-0.285016,-0.114052,0.134621,-0.219739,0.0527809,0.131773,0.172147,-0.000429049,0.0232444,0.0501884,0.0344955,-0.0873915,-0.124502,-0.0484882,-0.136442
0,0,0,0,0,0,0,0,0,0,0,0,-0.365719,-0.120928,-0.25461,-0.119438,0.0560555,-0.180559,-0.235855,0.374792,-0.290719,-0.00317634,-0.146059,0.115488,-0.1241,-0.339626,0.0164342,0.0150001,0.229636,0.388434,-0.410318,0.147404,-0.174182,-0.0454769,0.108579,1,-0.0407729,-0.314897,-0.221696,-0.203535,0.0230217,0.298602,-0.095323,-0.142314,-0.348701,-0.0554849,-0.281051,-0.411866,0.0606074,-0.0207732,0.00532167,-0.0822739,-0.218122,-0.362622,0.192907,0.0595135,0.354641,0.145869,0.0424926,-0.0953162,0.352364,0.185424,0.12426,-0.0910526,-0.156532,-0.344386,-0.371896
0,0,0,0,0,0,0,0,0,0,0,0,-0.215661,0.0151429,-0.128247,-0.0859822,0.0679306,-0.234327,-0.367001,0.084039,0.026261,0.100259,-0.13028,0.0206777,-0.23143,-0.115868,-0.172382,-0.210133,-0.154136,0.0216742,0.0391451,0.100418,0.0851142,0.163203,0.010644,-0.0407729,1,0.159763,0.0318716,0.119206,0.252979,0.202756,0.22498,0.188397,0.0108978,-0.00168398,0.0412796,-0.0150844,-0.248887,0.0927293,0.184934,0.0267601,-0.168257,-0.132187,0.0298551,-0.185404,0.0621133,0.0609745,0.0554139,-0.265984,0.00910999,0.099004,0.142993,0.243484,0.515544,0.280746,0.200605
0,0,0,0,0,0,0,0,0,0,0,0,-0.00808443,-0.232198,-0.376277,-0.371746,0.199883,-0.246326,-0.26354,-0.469095,0.403658,0.251026,0.0204574,0.167557,0.162327,0.148412,0.0266868,-0.325575,0.245146,-0.0796677,0.164824,-0.164232,0.10688,0.165362,0.0410344,-0.314897,0.159763,1,0.403262,0.536398,-0.0619788,0.24461,0.251178,0.407725,0.365406,0.119947,0.143756,0.0981237,0.302853,-0.183734,0.183867,-0.0661441,-0.00540585,0.134864,-0.190212,-0.328993,-0.27614,-0.340238,-0.244478,-0.0850052,0.175552,-0.162144,-0.286227,0.112009,0.0710349,0.169525,0.149701
0,0,0,0,0,0,0,0,0,0,0,0,-0.129174,-0.240009,-0.274548,-0.182843,-0.00339968,-6.91984e-05,-0.102527,-0.460562,0.370696,0.417246,0.20393,-0.0584021,0.131011,0.0714008,0.235333,-0.109926,0.171312,0.0989377,0.0840775,0.196233,0.11832,-0.0349516,-0.178987,-0.221696,0.0318716,0.403262,1,0.609735,-0.0441473,0.156699,0.186585,0.524793,0.48645,0.126206,-0.120717,0.0498858,0.155341,-0.319507,-0.0633453,-0.407904,0.176198,-0.050349,-0.279345,-0.102074,-0.354492,-0.448403,-0.426515,-0.113951,0.258204,-0.3136,-0.389866,0.125717,-0.0260012,0.0595475,0.0293503
0,0,0,0,0,0,0,0,0,0,0,0,-0.263456,-0.396866,-0.439304,-0.212565,0.259548,-0.273514,-0.33875,-0.322573,0.524774,0.433176,0.0391537,0.0782566,0.202035,0.0196416,-0.0458647,-0.179564,0.207626,0.241427,0.12475,0.108127,0.0498086,0.182842,0.148757,-0.203535,0.119206,0.536398,0.609735,1,0.0414371,0.256765,0.348286,0.539545,0.653594,0.0456152,0.0709191,0.0891148,0.272798,-0.218814,0.256864,-0.156537,0.157929,0.0580396,-0.204905,-0.357105,-0.317451,-0.322352,-0.287587,-0.12557,0.297686,-0.421712,-0.400429,-0.0138828,-0.0499075,0.063884,0.0525228
0,0,0,0,0,0,0,0,0,0,0,0,0.0205081,0.18282,0.219257,-0.184538,-0.284298,-0.118626,-0.141972,0.135395,-0.0556884,0.0337644,-0.268626,0.0597197,-0.120514,0.0784472,-0.119438,-0.188384,-0.038395,-0.0222851,-0.107446,0.15279,0.0885315,-0.148695,0.0232748,0.0230217,0.252979,-0.0619788,-0.0441473,0.0414371,1,0.359472,0.447499,0.0897275,-0.0871648,0.235004,-0.0519862,-0.184209,0.0567392,0.0117706,0.0916848,0.0963812,-0.346435,-0.122581,0.10788,-0.030793,0.0371412,0.124196,0.0809264,-0.00318555,-0.322764,-0.172478,0.089454,0.234949,0.261971,0.27643,0.169214
0,0,0,0,0,0,0,0,0,0,0,0,-0.239882,0.0307657,-0.190181,-0.473039,0.187365,-0.357974,-0.40542,0.0762367,0.275983,0.472773,-0.0412069,0.318182,0.278471,-0.136938,-0.1105,-0.374807,0.23679,0.173215,-0.355514,0.102963,-0.20122,0.0433593,0.0802712,0.298602,0.202756,0.24461,0.156699,0.256765,0.359472,1,0.385437,0.367664,-0.0719014,-0.0408628,-0.270673,-0.257155,0.271605,-0.101439,0.110715,-0.4323,-0.294824,-0.376889,-0.0087676,-0.398925,-0.0500838,-0.18282,-0.281595,-0.252612,0.309936,-0.160544,-0.157728,-0.102437,-0.0474066,-0.0454665,-0.0173114
0,0,0,0,0,0,0,0,0,0,0,0,0.258575,0.0664967,-0.0656785,-0.0992139,-0.176066,-0.193049,-0.179684,0.000907842,0.0941063,0.229465,-0.249322,0.0680969,-0.157181,-0.144575,-0.116021,-0.361988,-0.031001,-0.149449,-0.184662,0.0184966,0.125838,-0.130106,0.0941332,-0.095323,0.22498,0.251178,0.186585,0.348286,0.447499,0.385437,1,0.31652,0.327004,0.258758,0.109459,0.293524,0.0316026,0.0291469,-0.0562554,0.0251978,-0.175044,-0.0275394,-0.133286,-0.383965,-0.106919,-0.209489,-0.183078,0.0069624,-0.171954,-0.187269,0.000476304,0.270918,0.226071,0.245328,0.14894
0,0,0,0,0,0,0,0,0,0,0,0,-0.0794585,-0.152978,-0.311468,-0.278783,0.102164,-0.060849,-0.148311,-0.300261,0.390323,0.709617,0.0106518,0.0696003,0.217071,0.144708,0.181904,-0.144907,0.143261,0.136829,0.0298582,0.0944691,0.144836,0.0787396,0.0680212,-0.142314,0.188397,0.407725,0.524793,0.539545,0.0897275,0.367664,0.31652,1,0.444959,0.164381,0.0792735,0.0663425,0.250055,-0.163482,0.120379,-0.423807,-0.120283,-0.17659,-0.140912,-0.315825,-0.285193,-0.50082,-0.501359,-0.240407,0.230164,-0.370899,-0.437814,0.173315,-0.0232856,0.136844,0.0755403
0,0,0,0,0,0,0,0,0,0,0,0,-0.0101526,-0.318515,-0.309271,0.127014,0.0758228,0.0168489,0.00351883,-0.184142,0.502333,0.394699,-0.0360287,0.0249201,0.164053,0.167054,0.183028,0.0875813,-0.100229,-0.136265,0.251758,-0.00133519,0.179551,0.0377691,0.30492,-0.348701,0.0108978,0.365406,0.48645,0.653594,-0.0871648,-0.0719014,0.327004,0.444959,1,0.0713355,0.398129,0.483712,0.13541,0.0908576,0.186679,-0.0165738,-0.0737018,-0.0262154,-0.266574,-0.342862,-0.318422,-0.437942,-0.20597,0.0910863,-0.0619557,-0.269149,-0.266595,0.124769,-0.0278003,0.203417,0.0477066
0,0,0,0,0,0,0,0,0,0,0,0,0.292021,0.104761,0.0255436,-0.0575176,-0.233716,0.302832,0.326058,-0.177768,0.00419079,-0.0355002,0.0663675,-0.205779,-0.0801832,0.0524364,0.0871343,-0.106217,0.170343,0.129328,0.037342,0.0550253,0.42764,-0.449062,-0.227093,-0.0554849,-0.00168398,0.119947,0.126206,0.0456152,0.235004,-0.0408628,0.258758,0.164381,0.0713355,1,0.170334,0.0897876,0.178947,0.129387,0.0376941,0.214387,0.0449865,0.0436493,0.250939,0.320637,0.0943023,-0.237773,-0.0674514,0.300825,-0.339542,-0.192283,-0.116327,0.373343,0.0296971,0.300914,0.173696
0,0,0,0,0,0,0,0,0,0,0,0,0.0781853,-0.132083,-0.0892682,0.364412,-0.0453179,0.148721,0.176722,-0.0306262,0.0360475,0.130315,-0.0368544,-0.0263161,0.1406,0.157932,-0.0400727,0.0601179,-0.266462,-0.118646,0.221058,-0.0152712,0.16318,0.170263,0.160908,-0.281051,0.0412796,0.143756,-0.120717,0.0709191,-0.0519862,-0.270673,0.109459,0.0792735,0.398129,0.170334,1,0.213248,0.196103,0.224528,0.305778,0.218232,-0.196715,0.0524873,0.167524,-0.149971,-0.149739,-0.0920876,0.0554139,0.0771188,-0.362191,0.121791,0.11546,0.0279217,0.00314955,0.0815108,0.0399437
0,0,0,0,0,0,0,0,0,0,0,0,0.322487,-0.0201116,0.0221576,0.0456461,-0.127854,0.0286129,0.370857,0.053569,0.154128,-0.0915176,-0.128323,-0.0720856,-0.0961408,0.10122,-0.0610219,0.0295126,-0.409007,-0.568097,0.180906,-0.314521,0.00791988,-0.224674,0.290415,-0.411866,-0.0150844,0.0981237,0.0498858,0.0891148,-0.184209,-0.257155,0.293524,0.0663425,0.483712,0.0897876,0.213248,1,-0.186363,0.166502,-0.0927714,0.275264,0.0576101,0.0734785,-0.0517091,-0.131742,-0.0235147,-0.0834078,0.0410809,0.249963,-0.400762,0.133476,0.0874009,0.240954,0.120006,0.293868,0.27133
0,0,0,0,0,0,0,0,0,0,0,0,-0.0622551,-0.166095,-0.26201,-0.076776,0.10798,-0.0180292,0.0346729,-0.290178,0.386041,0.218017,0.205565,0.240355,0.402009,0.171648,0.0927517,-0.056641,0.46789,0.204618,-0.0748305,0.127266,0.154111,-0.0745964,0.00180466,0.0606074,-0.248887,0.302853,0.155341,0.272798,0.0567392,0.271605,0.0316026,0.250055,0.13541,0.178947,0.196103,-0.186363,1,0.140025,0.372166,-0.0913307,-0.0519866,-0.177709,-0.0435219,-0.224641,-0.103191,-0.447475,-0.34652,0.202402,0.0479354,-0.0252755,-0.133326,-0.156623,-0.294429,-0.0806751,-0.149078
0,0,0,0,0,0,0,0,0,0,0,0,0.0479342,0.168968,0.155521,0.318649,-0.0194196,0.0296604,0.0244065,0.232195,0.103821,-0.132875,-0.000622887,0.21278,0.179835,-0.000802253,0.036422,0.0726534,-0.018095,-0.0527495,0.0110476,-0.029937,0.132383,-0.279541,0.147976,-0.0207732,0.0927293,-0.183734,-0.319507,-0.218814,0.0117706,-0.101439,0.0291469,-0.163482,0.0908576,0.129387,0.224528,0.166502,0.140025,1,0.215831,0.211952,-0.0990019,-0.0124688,0.152023,-0.133965,0.2987,-0.058485,0.141822,0.274479,-0.246446,0.238225,0.105736,-0.186764,-0.120527,-0.120055,-0.239423
0,0,0,0,0,0,0,0,0,0,0,0,-0.435757,-0.243314,-0.269433,-0.0214686,0.159073,-0.163993,-0.312036,0.121485,0.332877,0.220383,-0.180422,0.335757,0.237433,0.203275,-0.0988019,-0.0192985,0.175207,0.278913,-0.0207128,0.333063,-0.0860824,0.247533,0.28868,0.00532167,0.184934,0.183867,-0.0633453,0.256864,0.0916848,0.110715,-0.0562554,0.120379,0.186679,0.0376941,0.305778,-0.0927714,0.372166,0.215831,1,0.115484,-0.307491,-0.157978,0.0671527,-0.175222,0.0906599,0.00910891,0.0859278,-0.117901,0.123767,0.0613907,-0.303714,-0.14635,-0.0225331,-0.123401,-0.185558
0,0,0,0,0,0,0,0,0,0,0,0,0.251199,0.0883506,0.108418,0.0449302,-0.232136,0.242369,0.258581,0.247964,-0.261281,-0.59115,-0.321952,-0.220594,-0.433731,-0.141915,-0.260203,-0.139047,-0.24651,-0.191215,0.0283738,-0.204743,0.0223911,-0.0445252,0.248337,-0.0822739,0.0267601,-0.0661441,-0.407904,-0.156537,0.0963812,-0.4323,0.0251978,-0.423807,-0.0165738,0.214387,0.218232,0.275264,-0.0913307,0.211952,0.115484,1,0.0567033,0.166716,0.414735,0.365437,0.366027,0.288042,0.467482,0.306544,-0.496061,0.276838,0.355948,0.128865,0.103102,0.188547,0.0762193
0,0,0,0,0,0,0,0,0,0,0,0,0.0441295,0.0350355,0.0948594,0.0668098,0.0593998,0.0100177,0.0625584,-0.34058,0.0935428,-0.258999,0.312087,-0.253844,-0.113238,-0.107009,0.063958,0.0266395,0.190291,-0.0116302,0.194173,0.0831952,0.271618,-0.0820063,-0.285016,-0.218122,-0.168257,-0.00540585,0.176198,0.157929,-0.346435,-0.294824,-0.175044,-0.120283,-0.0737018,0.0449865,-0.196715,0.0576101,-0.0519866,-0.0990019,-0.307491,0.0567033,1,0.579425,-0.149176,0.169736,-0.0648079,-0.0733102,-0.0555467,0.140122,0.0264416,-0.103028,-0.0785271,-0.0860765,-0.0941399,-0.0980611,0.101493
0,0,0,0,0,0,0,0,0,0,0,0,0.124047,0.162873,0.204678,0.0504397,0.0665154,-0.158378,-0.0619302,-0.357317,0.0343542,-0.232304,0.0884561,-0.146036,-0.050721,0.162953,-0.0389204,0.0718233,0.0183166,-0.302569,0.24579,-0.0652665,0.256266,-0.0823874,-0.114052,-0.362622,-0.132187,0.134864,-0.050349,0.0580396,-0.122581,-0.376889,-0.0275394,-0.17659,-0.0262154,0.0436493,0.0524873,0.0734785,-0.177709,-0.0124688,-0.157978,0.166716,0.579425,1,-0.0184697,0.0124868,0.0296237,0.0938691,0.0850499,0.0763503,-0.0885349,-0.171275,-0.0660787,-0.0653904,-0.0120263,-0.129109,0.0371632
0,0,0,0,0,0,0,0,0,0,0,0,0.0462155,0.148804,0.176695,-0.063282,-0.157836,0.230905,0.252202,0.145922,-0.329246,-0.161551,0.0575915,-0.0537939,5.40488e-05,-0.179678,-0.259858,-0.204971,-0.338627,0.0624682,-0.234945,-0.241336,-0.244558,-0.0969808,0.134621,0.192907,0.0298551,-0.190212,-0.279345,-0.204905,0.10788,-0.0087676,-0.133286,-0.140912,-0.266574,0.250939,0.167524,-0.0517091,-0.0435219,0.152023,0.0671527,0.414735,-0.149176,-0.0184697,1,0.476906,0.476286,0.263978,0.229529,0.0387076,-0.294806,0.235091,0.313097,-0.128079,-0.180848,-0.160329,-0.188515
0,0,0,0,0,0,0,0,0,0,0,0,0.181543,0.181426,0.316927,0.0695352,-0.284294,0.535838,0.460846,-0.00278819,-0.419416,-0.368642,0.191837,-0.361273,-0.296058,-0.0976683,0.147343,0.126077,-0.120771,0.121061,-0.0498451,0.0358205,0.0736464,-0.139298,-0.219739,0.0595135,-0.185404,-0.328993,-0.102074,-0.357105,-0.030793,-0.398925,-0.383965,-0.315825,-0.342862,0.320637,-0.149971,-0.131742,-0.224641,-0.133965,-0.175222,0.365437,0.169736,0.0124868,0.476906,1,0.36865,0.15591,0.22762,0.0327993,-0.26345,-0.0180654,0.108325,0.192887,0.0825019,0.079365,0.055238
0,0,0,0,0,0,0,0,0,0,0,0,0.00470058,0.143178,0.117611,-0.130145,-0.0563038,0.123259,0.0127438,0.252905,-0.224,-0.272967,-0.0945556,-0.0327757,-0.207561,-0.232819,0.0191347,0.0512548,-0.03713,0.0289355,-0.196987,-0.0519273,-0.153324,-0.17058,0.0527809,0.354641,0.0621133,-0.27614,-0.354492,-0.317451,0.0371412,-0.0500838,-0.106919,-0.285193,-0.318422,0.0943023,-0.149739,-0.0235147,-0.103191,0.2987,0.0906599,0.366027,-0.0648079,0.0296237,0.476286,0.36865,1,0.205594,0.308973,0.0207319,-0.0358557,0.212352,0.312227,-0.0391794,-0.0974164,-0.17202,-0.214177
0,0,0,0,0,0,0,0,0,0,0,0,-0.281025,-0.245897,0.0440071,0.0381382,0.0559714,-0.245897,-0.0999506,0.42439,-0.633542,-0.451738,-0.245878,-0.0599121,-0.293596,-0.226255,-0.693297,-0.244787,-0.266439,-0.0499168,-0.15065,0.00347036,-0.379336,0.265789,0.131773,0.145869,0.0609745,-0.340238,-0.448403,-0.322352,0.124196,-0.18282,-0.209489,-0.50082,-0.437942,-0.237773,-0.0920876,-0.0834078,-0.447475,-0.058485,0.00910891,0.288042,-0.0733102,0.0938691,0.263978,0.15591,0.205594,1,0.798911,0.0917359,-0.0611655,0.316431,0.279468,-0.210878,0.0343325,-0.137846,0.0323066
0,0,0,0,0,0,0,0,0,0,0,0,-0.220528,-0.311076,-0.0434566,0.116918,0.0959093,-0.0618373,-0.0106224,0.39192,-0.496891,-0.391289,-0.182997,-0.0280763,-0.288375,-0.189949,-0.487296,-0.179059,-0.242536,-0.0744572,0.0570444,0.0772166,-0.16886,0.227231,0.172147,0.0424926,0.0554139,-0.244478,-0.426515,-0.287587,0.0809264,-0.281595,-0.183078,-0.501359,-0.20597,-0.0674514,0.0554139,0.0410809,-0.34652,0.141822,0.0859278,0.467482,-0.0555467,0.0850499,0.229529,0.22762,0.308973,0.798911,1,0.25484,-0.198217,0.282528,0.272425,-0.149206,-0.0230931,-0.0369952,0.0049007
0,0,0,0,0,0,0,0,0,0,0,0,0.201126,-0.164621,0.0129153,0.240368,-0.136329,0.184056,0.541016,0.0465976,-0.140962,-0.402405,0.0444931,-0.125519,-0.0534534,0.0203439,-0.0850343,-0.0126508,0.0839749,-0.106625,0.158575,-0.0426326,0.0828932,-0.411002,-0.000429049,-0.0953162,-0.265984,-0.0850052,-0.113951,-0.12557,-0.00318555,-0.252612,0.0069624,-0.240407,0.0910863,0.300825,0.0771188,0.249963,0.202402,0.274479,-0.117901,0.306544,0.140122,0.0763503,0.0387076,0.0327993,0.0207319,0.0917359,0.25484,1,-0.430627,0.268956,0.129003,0.0620244,-0.143326,0.20355,0.107112
0,0,0,0,0,0,0,0,0,0,0,0,-0.476142,-0.325982,-0.503983,-0.216572,0.496637,-0.418444,-0.564792,-0.212764,0.201321,0.410025,0.0565286,0.284245,0.270221,-0.225379,0.0310277,-0.0713981,0.485733,0.403679,-0.217458,0.103217,-0.18725,0.367812,0.0232444,0.352364,0.00910999,0.175552,0.258204,0.297686,-0.322764,0.309936,-0.171954,0.230164,-0.0619557,-0.339542,-0.362191,-0.400762,0.0479354,-0.246446,0.123767,-0.496061,0.0264416,-0.0885349,-0.294806,-0.26345,-0.0358557,-0.0611655,-0.198217,-0.430627,1,-0.156493,-0.37786,-0.29319,-0.222961,-0.411669,-0.286764
0,0,0,0,0,0,0,0,0,0,0,0,-0.115505,-0.177991,-0.161746,0.174043,-0.127977,-0.0185009,0.12176,0.371094,-0.231519,-0.315771,-0.102102,0.12909,-0.0791184,-0.220402,-0.387641,-0.230821,-0.0758678,-0.118854,0.043067,-0.25999,-0.287097,0.00970439,0.0501884,0.185424,0.099004,-0.162144,-0.3136,-0.421712,-0.172478,-0.160544,-0.187269,-0.370899,-0.269149,-0.192283,0.121791,0.133476,-0.0252755,0.238225,0.0613907,0.276838,-0.103028,-0.171275,0.235091,-0.0180654,0.212352,0.316431,0.282528,0.268956,-0.156493,1,0.46201,-0.216991,-0.147326,-0.159536,-0.223106
0,0,0,0,0,0,0,0,0,0,0,0,0.276908,0.108043,0.108521,-0.00157054,-0.264242,0.088287,0.121385,0.169493,-0.330688,-0.412804,-0.0679343,-0.211351,-0.192898,-0.321073,-0.302789,-0.0666258,-0.317249,-0.306745,-0.0399031,-0.447454,-0.173993,0.0332041,0.0344955,0.12426,0.142993,-0.286227,-0.389866,-0.400429,0.089454,-0.157728,0.000476304,-0.437814,-0.266595,-0.116327,0.11546,0.0874009,-0.133326,0.105736,-0.303714,0.355948,-0.0785271,-0.0660787,0.313097,0.108325,0.312227,0.279468,0.272425,0.129003,-0.37786,0.46201,1,0.0714658,0.131398,0.167213,0.128822
0,0,0,0,0,0,0,0,0,0,0,0,0.289405,0.0592534,0.0379903,-0.248535,-0.34139,0.195135,0.158269,-0.0610273,-0.068815,-0.108089,-0.208462,-0.320407,-0.411439,-0.0463116,0.24735,0.0420033,-0.0359058,-0.216383,0.0814956,-0.0604603,0.207926,-0.239994,-0.0873915,-0.0910526,0.243484,0.112009,0.125717,-0.0138828,0.234949,-0.102437,0.270918,0.173315,0.124769,0.373343,0.0279217,0.240954,-0.156623,-0.186764,-0.14635,0.128865,-0.0860765,-0.0653904,-0.128079,0.192887,-0.0391794,-0.210878,-0.149206,0.0620244,-0.29319,-0.216991,0.0714658,1,0.782944,0.798117,0.699967
0,0,0,0,0,0,0,0,0,0,0,0,0.102307,0.102102,0.151521,-0.135138,-0.244208,-0.030411,-0.0968501,0.00686251,-0.125773,-0.177922,-0.218839,-0.190973,-0.44309,-0.0462229,0.0358957,-0.0391262,-0.169026,-0.231847,0.0416442,0.0355721,0.106343,-0.00917134,-0.124502,-0.156532,0.515544,0.0710349,-0.0260012,-0.0499075,0.261971,-0.0474066,0.226071,-0.0232856,-0.0278003,0.0296971,0.00314955,0.120006,-0.294429,-0.120527,-0.0225331,0.103102,-0.0941399,-0.0120263,-0.180848,0.0825019,-0.0974164,0.0343325,-0.0230931,-0.143326,-0.222961,-0.147326,0.131398,0.782944,1,0.713355,0.697499
0,0,0,0,0,0,0,0,0,0,0,0,0.333483,-0.0350553,0.0409261,-0.221142,-0.310207,0.187453,0.240452,0.0232958,0.0474262,-0.158763,-0.159021,-0.303933,-0.275392,0.0477032,0.0184148,-0.0344706,-0.169101,-0.28732,0.228607,-0.161789,0.188563,-0.143082,-0.0484882,-0.344386,0.280746,0.169525,0.0595475,0.063884,0.27643,-0.0454665,0.245328,0.136844,0.203417,0.300914,0.0815108,0.293868,-0.0806751,-0.120055,-0.123401,0.188547,-0.0980611,-0.129109,-0.160329,0.079365,-0.17202,-0.137846,-0.0369952,0.20355,-0.411669,-0.159536,0.167213,0.798117,0.713355,1,0.843745
0,0,0,0,0,0,0,0,0,0,0,0,0.248638,-0.0373503,0.0796594,-0.263374,-0.171524,-0.0321411,0.141732,-0.0860321,-0.0150904,-0.212114,-0.0614676,-0.248957,-0.218598,-0.0590418,-0.0828065,-0.0474084,-0.116425,-0.321512,0.175879,-0.162797,0.0176733,-0.126234,-0.136442,-0.371896,0.200605,0.149701,0.0293503,0.0525228,0.169214,-0.0173114,0.14894,0.0755403,0.0477066,0.173696,0.0399437,0.27133,-0.149078,-0.239423,-0.185558,0.0762193,0.101493,0.0371632,-0.188515,0.055238,-0.214177,0.0323066,0.0049007,0.107112,-0.286764,-0.223106,0.128822,0.699967,0.697499,0.843745,1
